2.200000e+01 2.200000e+01 2.200000e+01 2.200000e+01 2.200000e+01 2.200000e+01 2.200000e+01 2.200000e+01 2.200000e+01 2.200000e+01 2.200000e+01 2.200000e+01 2.200000e+01 2.200000e+01 2.200000e+01
2.200000e+01 5.550303e+00 4.892586e+00 4.784443e+00 4.752911e+00 4.704826e+00 4.689751e+00 4.678558e+00 4.684841e+00 4.712810e+00 4.769489e+00 4.857523e+00 4.960137e+00 5.469894e+00 2.200000e+01
2.200000e+01 4.573009e+00 4.218181e+00 4.210830e+00 4.210351e+00 4.208528e+00 4.207662e+00 4.204566e+00 4.200660e+00 4.196166e+00 4.191372e+00 4.187171e+00 4.189023e+00 4.536664e+00 2.200000e+01
2.200000e+01 4.722953e+00 4.194072e+00 4.189310e+00 4.191024e+00 4.191493e+00 4.191383e+00 4.189534e+00 4.186517e+00 4.182387e+00 4.177380e+00 4.171923e+00 4.169921e+00 4.502729e+00 2.200000e+01
2.200000e+01 4.797686e+00 4.190206e+00 4.184488e+00 4.184924e+00 4.185015e+00 4.184100e+00 4.182373e+00 4.179937e+00 4.176809e+00 4.173262e+00 4.169655e+00 4.169686e+00 4.505756e+00 2.200000e+01
2.200000e+01 4.832047e+00 4.187157e+00 4.180557e+00 4.180139e+00 4.179830e+00 4.178406e+00 4.176644e+00 4.174428e+00 4.171779e+00 4.168986e+00 4.166368e+00 4.167504e+00 4.505152e+00 2.200000e+01
2.200000e+01 4.828044e+00 4.183663e+00 4.176677e+00 4.175905e+00 4.175326e+00 4.173673e+00 4.171831e+00 4.169636e+00 4.167130e+00 4.164606e+00 4.162350e+00 4.163886e+00 4.501728e+00 2.200000e+01
2.200000e+01 4.798986e+00 4.180180e+00 4.173141e+00 4.172238e+00 4.171441e+00 4.169668e+00 4.167707e+00 4.165421e+00 4.162883e+00 4.160382e+00 4.158176e+00 4.159753e+00 4.496894e+00 2.200000e+01
2.200000e+01 4.753830e+00 4.177100e+00 4.170231e+00 4.169252e+00 4.168244e+00 4.166370e+00 4.164262e+00 4.161835e+00 4.159190e+00 4.156611e+00 4.154337e+00 4.155827e+00 4.492028e+00 2.200000e+01
2.200000e+01 4.700132e+00 4.174759e+00 4.168193e+00 4.167123e+00 4.165900e+00 4.163906e+00 4.161629e+00 4.159033e+00 4.156244e+00 4.153546e+00 4.151162e+00 4.152534e+00 4.488029e+00 2.200000e+01
2.200000e+01 4.644747e+00 4.173312e+00 4.167120e+00 4.165950e+00 4.164527e+00 4.162412e+00 4.159975e+00 4.157219e+00 4.154293e+00 4.151478e+00 4.148987e+00 4.150270e+00 4.486290e+00 2.200000e+01
2.200000e+01 4.591934e+00 4.172670e+00 4.166908e+00 4.165671e+00 4.164113e+00 4.161933e+00 4.159401e+00 4.156552e+00 4.153547e+00 4.150668e+00 4.148119e+00 4.149400e+00 4.488321e+00 2.200000e+01
2.200000e+01 4.552148e+00 4.172669e+00 4.167281e+00 4.166031e+00 4.164422e+00 4.162255e+00 4.159717e+00 4.156865e+00 4.153863e+00 4.150994e+00 4.148451e+00 4.149817e+00 4.493555e+00 2.200000e+01
2.200000e+01 4.526425e+00 4.173142e+00 4.168025e+00 4.166783e+00 4.165167e+00 4.163050e+00 4.160553e+00 4.157742e+00 4.154783e+00 4.151953e+00 4.149436e+00 4.150887e+00 4.498954e+00 2.200000e+01
2.200000e+01 4.513594e+00 4.173990e+00 4.169044e+00 4.167834e+00 4.166250e+00 4.164216e+00 4.161798e+00 4.159064e+00 4.156180e+00 4.153416e+00 4.150948e+00 4.152473e+00 4.503749e+00 2.200000e+01
2.200000e+01 4.512644e+00 4.175113e+00 4.170257e+00 4.169120e+00 4.167626e+00 4.165734e+00 4.163458e+00 4.160865e+00 4.158115e+00 4.155468e+00 4.153091e+00 4.154714e+00 4.508719e+00 2.200000e+01
2.200000e+01 4.523981e+00 4.176768e+00 4.171887e+00 4.170840e+00 4.169461e+00 4.167731e+00 4.165626e+00 4.163198e+00 4.160611e+00 4.158104e+00 4.155838e+00 4.157567e+00 4.513774e+00 2.200000e+01
2.200000e+01 4.540809e+00 4.178913e+00 4.173971e+00 4.173028e+00 4.171783e+00 4.170230e+00 4.168318e+00 4.166080e+00 4.163680e+00 4.161335e+00 4.159203e+00 4.161051e+00 4.519287e+00 2.200000e+01
2.200000e+01 4.561248e+00 4.181524e+00 4.176500e+00 4.175671e+00 4.174575e+00 4.173207e+00 4.171503e+00 4.169470e+00 4.167278e+00 4.165110e+00 4.163129e+00 4.165110e+00 4.525328e+00 2.200000e+01
2.200000e+01 4.584042e+00 4.184556e+00 4.179435e+00 4.178726e+00 4.177787e+00 4.176599e+00 4.175107e+00 4.173283e+00 4.171309e+00 4.169323e+00 4.167500e+00 4.169626e+00 4.531756e+00 2.200000e+01
2.200000e+01 4.607915e+00 4.187916e+00 4.182695e+00 4.182109e+00 4.181333e+00 4.180312e+00 4.179027e+00 4.177413e+00 4.175660e+00 4.173852e+00 4.172192e+00 4.174468e+00 4.538425e+00 2.200000e+01
2.200000e+01 4.631289e+00 4.191503e+00 4.186193e+00 4.185732e+00 4.185124e+00 4.184255e+00 4.183167e+00 4.181756e+00 4.180220e+00 4.178581e+00 4.177077e+00 4.179505e+00 4.545201e+00 2.200000e+01
2.200000e+01 4.651541e+00 4.195257e+00 4.189891e+00 4.189552e+00 4.189115e+00 4.188371e+00 4.187456e+00 4.186229e+00 4.184895e+00 4.183400e+00 4.182038e+00 4.184608e+00 4.551922e+00 2.200000e+01
2.200000e+01 4.665372e+00 4.199101e+00 4.193747e+00 4.193530e+00 4.193267e+00 4.192624e+00 4.191856e+00 4.190793e+00 4.189639e+00 4.188258e+00 4.187013e+00 4.189710e+00 4.558713e+00 2.200000e+01
2.200000e+01 4.670402e+00 4.203002e+00 4.197735e+00 4.197621e+00 4.197514e+00 4.196930e+00 4.196259e+00 4.195321e+00 4.194304e+00 4.192992e+00 4.191827e+00 4.194618e+00 4.565194e+00 2.200000e+01
2.200000e+01 4.666748e+00 4.206667e+00 4.201559e+00 4.201532e+00 4.201564e+00 4.201009e+00 4.200396e+00 4.199545e+00 4.198621e+00 4.197336e+00 4.196211e+00 4.199055e+00 4.571002e+00 2.200000e+01
2.200000e+01 4.655628e+00 4.209617e+00 4.204722e+00 4.204762e+00 4.204903e+00 4.204359e+00 4.203778e+00 4.202984e+00 4.202119e+00 4.200836e+00 4.199724e+00 4.202595e+00 4.575754e+00 2.200000e+01
2.200000e+01 4.646334e+00 4.211324e+00 4.206602e+00 4.206698e+00 4.206927e+00 4.206403e+00 4.205852e+00 4.205104e+00 4.204282e+00 4.203000e+00 4.201894e+00 4.204779e+00 4.578878e+00 2.200000e+01
2.200000e+01 4.659018e+00 4.220293e+00 4.215854e+00 4.216228e+00 4.216862e+00 4.216414e+00 4.215878e+00 4.215198e+00 4.214371e+00 4.212865e+00 4.211531e+00 4.214116e+00 4.588848e+00 2.200000e+01
2.200000e+01 4.676842e+00 4.224065e+00 4.219728e+00 4.220285e+00 4.221129e+00 4.220794e+00 4.220288e+00 4.219625e+00 4.218743e+00 4.217068e+00 4.215515e+00 4.217825e+00 4.592787e+00 2.200000e+01
2.200000e+01 4.671200e+00 4.227766e+00 4.223810e+00 4.224560e+00 4.225552e+00 4.225341e+00 4.224836e+00 4.224128e+00 4.223120e+00 4.221223e+00 4.219372e+00 4.221381e+00 4.598148e+00 2.200000e+01
2.200000e+01 4.687051e+00 4.233864e+00 4.229837e+00 4.230607e+00 4.231521e+00 4.231294e+00 4.230645e+00 4.229734e+00 4.228455e+00 4.226256e+00 4.224022e+00 4.225800e+00 4.608876e+00 2.200000e+01
2.200000e+01 4.790307e+00 4.247756e+00 4.241363e+00 4.241157e+00 4.241182e+00 4.240407e+00 4.239305e+00 4.238054e+00 4.236561e+00 4.234331e+00 4.232137e+00 4.234558e+00 4.636711e+00 2.200000e+01
2.200000e+01 4.796287e+00 4.265127e+00 4.257088e+00 4.255703e+00 4.254626e+00 4.253432e+00 4.252192e+00 4.251251e+00 4.250669e+00 4.250018e+00 4.250025e+00 4.256404e+00 4.704448e+00 2.200000e+01
2.200000e+01 4.872201e+00 4.280249e+00 4.270456e+00 4.269115e+00 4.268161e+00 4.267569e+00 4.266865e+00 4.266293e+00 4.265910e+00 4.265415e+00 4.265273e+00 4.272681e+00 4.766700e+00 2.200000e+01
2.200000e+01 5.077735e+00 4.294024e+00 4.281688e+00 4.281555e+00 4.281679e+00 4.282321e+00 4.282567e+00 4.282505e+00 4.282245e+00 4.281661e+00 4.281025e+00 4.289189e+00 4.831430e+00 2.200000e+01
2.200000e+01 5.247233e+00 4.313073e+00 4.297056e+00 4.297263e+00 4.297790e+00 4.299023e+00 4.299664e+00 4.299610e+00 4.299049e+00 4.298115e+00 4.296964e+00 4.306515e+00 4.904519e+00 2.200000e+01
2.200000e+01 4.976077e+00 4.353962e+00 4.333652e+00 4.328761e+00 4.325777e+00 4.324728e+00 4.323729e+00 4.322309e+00 4.320493e+00 4.318707e+00 4.316857e+00 4.328590e+00 4.996322e+00 2.200000e+01
2.200000e+01 5.228980e+00 4.358784e+00 4.340092e+00 4.341151e+00 4.342162e+00 4.343908e+00 4.344608e+00 4.344198e+00 4.343127e+00 4.341991e+00 4.340979e+00 4.357285e+00 5.112076e+00 2.200000e+01
2.200000e+01 5.536673e+00 4.377405e+00 4.352142e+00 4.355136e+00 4.358170e+00 4.361827e+00 4.364376e+00 4.365694e+00 4.366372e+00 4.367015e+00 4.368096e+00 4.392019e+00 5.263485e+00 2.200000e+01
2.200000e+01 5.745975e+00 4.393587e+00 4.361790e+00 4.365033e+00 4.368443e+00 4.372110e+00 4.374432e+00 4.375144e+00 4.374380e+00 4.372836e+00 4.370549e+00 4.392294e+00 5.306998e+00 2.200000e+01
2.200000e+01 5.916687e+00 4.410068e+00 4.371398e+00 4.374330e+00 4.377642e+00 4.381021e+00 4.383034e+00 4.383485e+00 4.382390e+00 4.380530e+00 4.378025e+00 4.402160e+00 5.362560e+00 2.200000e+01
2.200000e+01 5.980631e+00 4.425371e+00 4.381916e+00 4.384376e+00 4.387393e+00 4.390301e+00 4.391840e+00 4.391934e+00 4.390505e+00 4.388365e+00 4.385817e+00 4.412978e+00 5.423163e+00 2.200000e+01
2.200000e+01 6.052442e+00 4.443410e+00 4.394406e+00 4.396278e+00 4.398881e+00 4.401202e+00 4.402138e+00 4.401747e+00 4.399858e+00 4.397308e+00 4.394620e+00 4.425196e+00 5.489822e+00 2.200000e+01
2.200000e+01 6.050435e+00 4.462727e+00 4.409954e+00 4.411159e+00 4.413212e+00 4.414816e+00 4.415010e+00 4.413981e+00 4.411491e+00 4.408396e+00 4.405472e+00 4.439953e+00 5.564540e+00 2.200000e+01
2.200000e+01 6.129796e+00 4.490000e+00 4.430097e+00 4.430379e+00 4.431672e+00 4.432341e+00 4.431571e+00 4.429638e+00 4.426299e+00 4.422431e+00 4.419081e+00 4.457889e+00 5.647054e+00 2.200000e+01
2.200000e+01 6.336793e+00 4.534791e+00 4.461974e+00 4.460910e+00 4.461141e+00 4.460573e+00 4.458535e+00 4.455389e+00 4.450921e+00 4.446062e+00 4.442128e+00 4.485874e+00 5.745238e+00 2.200000e+01
2.200000e+01 7.155350e+00 5.056688e+00 4.962032e+00 4.958905e+00 4.957056e+00 4.954489e+00 4.949070e+00 4.943675e+00 4.936205e+00 4.929058e+00 4.922677e+00 4.969224e+00 6.271535e+00 2.200000e+01
2.200000e+01 2.200000e+01 2.200000e+01 2.200000e+01 2.200000e+01 2.200000e+01 2.200000e+01 2.200000e+01 2.200000e+01 2.200000e+01 2.200000e+01 2.200000e+01 2.200000e+01 2.200000e+01 2.200000e+01
